   1            "b"   85   95.946281 412.036713 227.713776
   2            "f"   75  181.395798 609.143311 845.696045
   3            "g"   28   77.895340 117.142845  55.010746
   4            "j"   40  260.931000 197.218262 312.562042
   5            "k"   84  163.056732 212.216599 365.548431
   6            "l"   51  713.487793 299.995941 394.607819
   7            "m"  125  1636.324951 235.753891 175.162689
   8            "n"   29  363.635620 209.210098 512.513611
   9            "r"   20  168.896591 166.482819 324.014435
  10            "s"    0  674.090027 907.176270 657.035828
  11            "t"   75  187.018997 1935.968628 483.050934
  12            "w"   71  293.658325 292.876984 451.869354
  13            "y"   94  463.480377 1211.167603 662.637878
  14         "t-eh"   94  124.316803 121.761490 125.276802
  15           "ah"    0  124.191628 227.040863 281.963562
  16           "ch"   68  254.724213 258.005798 152.031647
  17           "dh"   79  833.059937 362.469025 778.157043
  18           "eh"   20  174.161148 478.961884 198.618713
  19           "ih"   18  211.430420 142.067352 196.585556
  20           "ll"   75  1681.751709 797.215332 244.260208
  21           "ng"   92  821.329529 362.110931 244.428452
  22           "oh"    0  197.255692 699.523132 1623.444824
  23           "sp" 1150  17332.773438
  24           "th"   92  691.478760 878.164978 264.330750
  25           "uh"   51  114.923325 149.716293 708.698608
  26         "l+eh"   47  713.487793 299.995941 331.426147
  27       "n-w+eh"   57  175.596405 109.204300 107.378525
  28        "th+eh"   74  691.478760 744.949219 195.359390
  29       "uh-y+s"   51  463.480377 358.779358 289.362793
  30      "l-eh+oh"   29  295.960449 146.885208 150.841476
  31       "l-eh+f"   75  141.650803 146.885208 1129.271729
  32       "l-eh+y"   18  295.960449 275.524536  95.059410
  33       "k-ah+r"   63  237.101135 227.040863 212.366348
  34       "m-ah+r"  125  222.604904 694.152710 851.971924
  35      "ih-ah+s"   32  124.191628 195.088837 289.820343
  36       "r-eh+s"   75  216.910248 224.015991 1129.271729
  37       "t-eh+l"   75  183.685043 275.524536 166.235733
  38       "f-oh+n"   75  260.650452 326.451691 302.699036
  39       "y-s+ih"   18  559.662537 111.066330 415.210938
  40       "j-oh+r"   20  460.972839 101.091537 506.335205
  41        "ch-oh"   68  197.255692 300.643707 1623.444824
  42     "dh-ih+ah"   32  107.909691 142.067352 213.273590
  43       "w-ah+t"   71  252.399597 195.088837 182.898132
  44         "n-oh"  153  424.112823 296.190277 623.757996
  45       "l-oh+s"   13  444.500793 848.651001 212.614426
  46         "uh+n"   78  456.874786 914.460449 708.698608
  47      "ah-r+ah"   28  164.535660 134.081406 287.875763
  48          "n+w"   57  301.458191 131.156265 216.479477
  49         "eh-s"   75  399.701416 926.150635 504.461182
  50          "s+y"   94  674.090027 1492.499146 415.210938
  51          "t+r"   75  168.347626 1143.703247 483.050934
  52          "sil"  400  2316.978271 17332.773438 8515.009766
  53          "y-s"  122  559.662537 1488.792603 596.543091
  54       "b-ah+r"   28  252.399597 195.088837 212.366348
  55       "t-r+eh"   75  162.351151 188.542236 324.014435
  56       "t-r+oh"   71  168.896591 165.145538 324.014435
  57       "g-eh+b"   28  216.910248 275.524536 120.242485
  58      "eh-oh+n"   29  108.245766 101.091537 212.614426
  59      "ll-ah+m"   75  124.191628 227.040863 182.898132
  60      "oh-n+oh"   75  363.635620 496.606171 516.923096
  61        "oh+ch"   68  460.972839 848.651001 608.183167
  62         "oh-s"   92  259.137360 907.176270 657.035828
  63      "dh-oh+s"   79  231.590424 170.980591 212.614426
  64      "eh-r+oh"   74  236.138718 166.482819 138.639374
  65       "r-k+ah"   50  288.270416 212.216599 171.482803
  66      "uh-n+oh"   78  279.448639 443.615112 516.923096
  67     "th-ih+ng"   92  211.430420 215.423843 397.525513
  68       "s-eh+y"   71  184.241089 478.961884 474.407562
  69       "w-eh+b"   57  141.650803 279.792023 120.242485
  70         "r-ah"   28  252.399597 227.040863 281.963562
  71         "r-oh"  145  444.500793 699.523132 1623.444824
  72       "ah-r+k"   50  164.535660 113.861717 286.765717
  73       "ah-r+l"   13  164.535660 134.081406 156.292847
  74       "ah-t+r"   71  117.155106 229.836243 158.100098
  75       "y-eh+t"   94  618.097839 275.196350 498.096680
  76      "ng-k+oh"   92  288.270416 147.516037 290.001221
  77       "r-l+oh"   13  116.036217 137.899231 394.607819
  78       "eh-y+s"   89  462.578796 458.620575 524.721619
  79         "b-eh"   57  295.960449 279.792023 634.760010
  80         "s+eh"   71  674.090027 1492.499146 193.323837
  81      "eh-t+eh"   94  522.492493 812.631775 299.259338
  82      "th-eh+r"   74  139.582687 478.961884 786.199158
  83         "k-oh"   92  278.238403 563.882568 1623.444824
  84         "ah-r"  125  394.057068 419.465973 2580.544189
  85         "ah-s"   32  210.794418 431.660675 596.543091
  86      "eh-l+eh"   75  116.036217 137.899231 331.426147
  87        "dh+ih"   32  110.377182 362.469025 165.386398
